3825647
3181814
2862513
3194761
2817000
3359427
3669617
3082113
2133536
2991321
2922325
2627528
3181767
3118372
3420744
201022
2683939
2610653
3116297
3171359
3553333
2680832
3416909
3867258
2958022
3035547
2385654
3652182
2955686
2515635
3789280
3830270
3015177
3373988
2575602
3586491
2940872
1175853
3500470
2842962
2591620
2494993
2856359
2206392
1065004
3808853
3718248
3004514
2613580
3181562
1475887
2646042
3461647
2479703
1087510
3157602
3181915
2766900
3235659
3378931
2526401
3488523
3656556
3694900
3022870
3430626
2970950
3537266
2702832
3039162
3322907
2672240
3487198
3108260
3177789
2385662
3628830
2365966
3878174
1781795
3506998
3637271
3874378
2011516
2984455
3785512
2846739
1434505
3770043
2987955
3235940
2972415
3466869
3035542
1550576
3368485
2233876
3816241
2829597
1459868
3195148
2693867
3489883
2409543
3872681
3851456
2326726
3269050
2600388
3644826
3702496
3724670
3094285
3462154
1904360
3568739
3123271
2695771
3578350
2647177
1824715
3184501
3508110
3655958
3258729
3224392
3426551
1481515
2764564
2815980
1175916
3420662
544835
1257604
3524099
3039161
3583117
2646658
3872384
1851004
3465868
3308023
2944799
3632492
3505349
3235113
3872241
1751060
1940263
3746305
3877606
3085223
2635122
1201136
3277903
3616825
3104685
3696066
3835584
3347756
3769085
2515901
150570
3114546
3181779
3527560
2546434
3806357
2799065
3833933
3325431
1097749
3819682
1175897
3423657
3775118
3463042
2807148
3764695
1215528
3872011
3181772
2007982
3008823
3684086
3162786
3776323
2629964
2842275
3380126
2515417
1166571
3136248
3389956
1413549
3168079
3012558
3259311
3162819
3290188
3784075
3152182
3826559
2811971
3734755
3884850
2790127
2442427
3853203
3425034
3232573
3326370
2700432
2408940
3745958
2646726
3401767
137223
1199611
3679963
3263204
3224657
3885824
3841621
3575963
3389846
3020335
3097723
3484289
2963920
3537269
3499172
2860402
3026935
2955942
2246263
3748528
1679810
3286330
2270358
3271397
3311149
3793435
2988176
2876903
2570830
3294754
3743366
1794627
3837656
3282974
1820987
3396276
2390549
2567096
2749011
3100676
1252727
3557457
3181848
2851297
3322905
3719234
3433364
3053630
3560182
2908875
2799444
2778463
1994045
2723667
3258019
3163180
3767023
1751045
3712083
3191598
3082809
2385823
3414089
1175911
2599899
2725817
3409130
2860403
3099506
2263063
2754485
3800884
2681119
3030049
3075397
3005218
2705504
3286335
3219246
3389871
3181876
3463813
3087487
3888612
1592154
2025113
3777773
3888913
3078258
3181713
1802740
3122899
3616260
1240959
3374420
3162821
3235783
2570908
3444002
2740158
3869687
3554227
3564105
2938459
3355351
3370327
3598686
3003149
3499274
2627963
3258820
3012908
3457973
1968787
3127816
2490681
3000139
2802352
1469559
3751081
3664367
2671773
2663463
2350146
3309579
3657692
2890005
3446154
3283750
2687574
149426
2453666
3181887
2686868
3463044
3649654
3094683
2850176
3310460
3436624
3555588
137228
3311181
3876010
2831247
2656332
3792504
2267791
3849098
3673888
2096713
3742834
3651415
2828091
3273370
3470713
2970879
2553061
3405397
3352629
3517431
3405157
2698064
3270907
3640983
1469866
3189782
3181971
2845797
1568462
2806537
149427
3364540
3322723
1750965
1414021
3655108
1781572
3401751
2020460
2892667
2958032
3481388
3640090
3730207
3581257
3391195
3181918
3121612
3063653
2924526
3322057
1325049
3087163
3205688
3809217
3097588
2009435
3874377
1852903
2072948
3579430
3519030
2831897
3373552
2864151
2082036
3617350
3557414
3469389
3758326
1906781
3161475
2187197
3786976
2494540
2002419
2758596
2001323
3600016
3279317
3033073
2136485
1414028
3502108
2764845
3766340
3632172
3490505
3741700
1524788
3629711
1156909
3405324
2684304
2583042
2672237
2860358
3321975
3330267
3081469
1559691
2877789
3289979
3632191
2677798
2246031
3597555
3205006
2769430
3691899
2938294
2359996
3122895
3838481
3152183
2832616
3406271
3123969
3170265
2823760
3647710
3458229
3402273
3687094
3160011
1277009
3178148
1716160
2998520
1168906
3296552
1693557
3484605
3181872
2238766
3057594
2581654
3708105
1282576
3181885
3542335
3265806
155634
2546468
3573501
3490454
3096313
2448541
468908
3181745
2892773
3805478
3047986
2732452
1369002
3138102
3818844
3156524
3357214
2672442
3749082
1940252
2780641
3297411
3347843
1624823
2769330
3006050
3142036
2801475
2373300
3627470
3463884
3616979
3563698
3322781
3101789
3429833
3778250
2878208
2767138
2576164
2566980
3047965
1550867
2599294
3596662
1989755
3785593
3019007
3702368
3031940
3385239
1183226
3310634
2760719
3291226
3379595
2211778
3571887
3841536
2576332
3433655
3569638
2672159
2800864
3834722
3124298
2636786
3600284
1064123
2526366
3590355
1824726
3545923
2921140
3410075
2890893
3766589
2966984
3891393
2429898
3545850
2752757
2647170
3406274
2706800
3010891
2542367
3142033
3038533
3622231
2808512
3125024
3718230
2128214
3199072
3097804
3773459
2366066
3139171
2492864
2627214
2646693
2581659
1559621
3052621
1131908
3015204
3713602
3339806
2045103
2923780
3316689
2385853
2766874
3573171
3012278
3607889
2686928
2118050
3389947
3422616
3182389
3122893
2958005
3301050
3781548
3766129
35282
3760668
1088011
3120998
2170449
3405392
2840894
3605789
2384782
161797
3546197
2906941
3819680
3658220
3681687
3369138
3181740
3118811
3564025
2803992
1602198
3546880
3224521
3690350
2668559
2638813
2911751
3284666
3375088
3542887
3708448
3221028
2448050
3786726
2649145
1891275
2915796
3090107
2879869
151666
1764752
3181869
3889325
3148928
2893430
3080564
3015225
3873931
2954014
2453658
2386861
3047985
2773124
3021110
3385618
3090653
3374026
3823986
2750192
3266655
2737754
2292424
3686769
3414549
1037001
3039763
3797049
3860639
3889324
2672467
3845517
3514352
2946956
2315652
3701502
3047858
3374421
3528766
2854938
2253540
3726922
1175924
3655859
2933643
3122543
3650976
3789934
2526433
2758876
2503962
1298325
3357009
3804219
3534160
3837668
153533
2627179
3103558
3446097
3041901
2668594
3009622
2474644
2759338
2729726
2621130
2385751
2714061
3880210
1343576
3546448
2661898
2725834
2672188
3114322
2598878
1464381
2385047
2946718
1629026
2769286
3406277
3880091
3674744
3292568
3109342
3108514
2941781
3439446
3573064
1216331
2089060
2385820
3423946
1533819
3181883
3340342
2656591
2254627
2958958
2930172
2546376
1794136
130966
3403114
2025296
3102615
3159900
3039167
3317136
2602994
1781780
3276904
2829621
2448802
2987858
1764004
1236944
2783073
1852090
3176209
3093002
3777767
2496988
1402280
1316067
3828296
2759336
2690857
2958542
3181888
153495
3853238
2920273
3263087
3108676
2725833
3635626
3181871
3625593
3616991
3340570
3607782
3671115
3336236
1987337
2964707
2893371
2732551
1781795
2644295
3087473
2918871
3108942
2778437
3652086
2714572
3760618
3109410
3535733
3247765
2811980
3537557
2672014
2448507
3522360
3521923
2526417
1559601
3079651
3667058
2749439
1781075
1459877
2426673
2887806
2774628
3626385
3662109
3568150
3086217
1947954
2364663
3756169
2749045
3591538
1201178
3181770
2727333
2768636
3637401
1079864
3226624
2275746
3223529
3868168
3658433
3539528
2687457
2653043
1386678
1664563
1513597
3259313
3606326
3087508
3845747
2607544
3033095
3264881
2206392
3410003
3693614
2854356
1568358
3315623
3583529
3052714
3744738
3539053
3527175
2737781
3609679
2908435
3181773
2515409
3584903
3013171
