2944247
3825967
1175926
2760525
3015487
3544320
3249852
3765128
3425768
3130360
3616178
3761349
1805426
2840827
2766898
2734629
1885440
2442981
2700484
3401781
2423870
3127318
3507802
3129104
2762186
1318457
3123561
2726548
3522359
3160360
2781142
3087018
3301634
3680477
3230027
3114546
1936994
2820689
2588582
3101356
2213673
1939921
2186939
1906866
2464753
3140027
3299601
2967692
2138688
2245957
3542922
3063409
3224471
3555706
2754094
2672442
3141758
3793431
1474617
3521774
3586697
1282576
2706214
3161951
1636036
3431062
3152527
3259121
3783828
2803902
2740038
2686975
3479249
2527784
2589194
2291339
3169863
3075160
2742899
1976317
3016817
2729468
3396109
3108731
3664074
2678139
2915794
2929516
2743643
153522
137249
2970786
3401656
2737775
3711740
3236138
2726540
2248586
2737754
3859883
1936995
2656546
3385502
3097809
2740017
3516685
3010678
3884175
3505934
3683229
2627525
2769322
2769446
3226573
3003678
2740099
2831909
3772272
2559826
3120277
3288929
1513525
2803182
1269460
3677011
3724297
2621418
2906932
2780634
3701778
2700089
2213305
2120825
3349544
3016143
3713301
3389848
3420730
2775026
3169862
3542555
2924549
3069387
2988179
3290258
3603204
3104441
1266380
3555219
2536181
3784075
3529253
2817864
1751015
3290011
3772305
3034940
3856285
2600825
2211302
3542921
3546191
3015759
2933117
2116997
3603048
3649285
3018959
3099062
1914254
3064452
2569193
2888325
3555553
1586011
3374424
2639567
3195765
2588821
3015509
2829468
3129103
3354857
3686606
3336243
1450293
2768506
1794449
3693614
3614649
3157673
3485864
2448938
2430546
3018974
3229087
2700591
3678057
3616310
3410211
2923795
2442959
2741486
3445145
1280924
2496697
3423789
2693508
2584009
3273785
3430087
1182400
2879845
3311001
2713885
3836928
3409957
3410014
3572695
2700683
1431557
3651609
3075161
1687187
3672626
2815959
1764004
3792611
3781223
1140938
2782204
2938513
2612756
3860647
3507390
3536353
3285529
2575565
3369119
2852784
3159366
2771838
3290847
3470986
3680092
2270282
3214511
2650596
3351958
3851869
3387614
2760693
3152527
2749011
3845336
3354466
3487309
3644739
2206519
2909783
1913587
2778945
2631222
3387629
2879291
2704528
125311
1459264
2222677
2935134
3866926
1523371
2700241
1513065
3493838
2731168
3034954
2989378
3166566
3866778
2858720
3628218
2938506
2887806
2515422
2794498
3195099
3632039
2822791
3468117
3734890
3099610
3467606
2821392
3246474
3439771
3099615
2800936
3288010
3041043
1065003
2966580
1308833
2584645
3273706
3841600
3608003
3184711
3068583
3304619
2882550
1402327
2816301
2553052
101408
3170312
2700473
3426263
2631053
2323013
3389956
1434765
1097737
3873172
2998658
2906941
1950520
2972610
2575584
3363700
3145093
3205779
3626556
3092060
1183200
2828440
3651717
3282101
3567877
3051092
1557854
2823148
3283561
3223529
3536615
3199906
2826729
3219287
3123199
3543180
3328985
3114312
3088014
3052620
2785826
3508199
2872582
3019596
3141718
522841
3777329
2784403
3310988
3180596
2628138
3667461
3031991
2426706
2672226
1459185
3122097
1382235
317469
3047823
3813813
3073801
2830945
3682250
2958892
2805656
3527059
2963752
3878578
3219003
2951033
3162713
3137850
3549351
3177940
3443736
3643833
3628469
3350007
3580664
3195536
1637335
130966
3236146
3156535
2822176
3021828
3425758
3443655
3629711
3649142
2801475
2740022
3474147
2767133
3546089
2228383
3601985
3649156
3395037
3101356
1550961
3539526
2823150
3536789
3113834
1208937
3704936
3659911
2206034
2878708
2721535
3711735
2672247
3121590
3367620
2756346
2992067
3400824
3488388
3113153
2984407
2637889
3205541
194433
3638278
2253537
2791737
2700473
3836014
2582334
3347913
2825552
3056215
3094260
3066713
2374788
3004513
2531092
3876522
3227138
3860030
2546374
2270726
2877029
3199125
2799065
3296555
3349957
3326743
2713849
3320390
2656981
2636788
2833302
3047832
2846739
2990894
2917397
3108289
2726514
3876503
3099612
3713304
3614336
3745863
3797933
2448694
3649270
2869440
1277006
2810585
128832
3473978
3821706
3257034
3155071
3531646
2737786
3226299
2759914
2430200
3658220
2483261
3616185
3043450
3542887
3874663
3205656
2678699
3663224
2637917
3546181
3809434
2884455
1570451
3513008
3830294
3577793
3397657
2799413
3806164
3601500
2833155
3183636
3002375
3617081
2778562
3047849
2246223
3021277
3122091
2878686
3516932
3087248
1382265
3251528
3682238
2767138
2045103
3711740
2595654
3047893
2912126
3693641
2063499
3514797
3279317
3410093
3043756
3821435
3289591
3773959
2887806
2639604
3583074
2902496
3361201
3646731
2783048
3485910
2040141
3504208
3689161
3220250
3719282
3438050
3818878
3218965
3503952
3350049
3546438
3219034
3843899
3700939
3382696
3170745
1472097
3095901
2908877
3073909
2821393
3494865
1586188
3459527
1904196
3400886
3637811
3746438
3649614
2994656
3145557
3682302
1431525
2963121
2822147
3109817
3212801
3108768
2626783
2769480
3611086
2848006
3340954
1475844
2385343
2687896
3194779
3047826
3078258
3248865
2822794
3134320
3030029
1322287
2848680
3134260
3337801
3680866
2672220
2688143
3342720
2892435
2637899
3750490
3527238
3815017
2846934
3871041
3400823
3679768
3219018
2602996
3350179
1557713
3353206
2745658
2518380
3559119
3205660
3015846
2940086
3036638
3724576
2831203
3169864
3614797
3609960
3137828
2693784
3531955
3869913
3129124
1084359
2263060
2799007
2268742
3877750
2746452
2880803
1184074
2254469
2874428
2816793
2135201
2609891
3565903
3438426
2700595
3555602
3489845
3665256
3420799
3271214
3075814
3022694
3542893
3161023
2740109
3390892
2835690
2174498
3608039
2702915
2816287
1559601
3123852
2809077
122079
3246148
1278477
3521404
2717442
2655275
3219017
3148882
2825313
2789929
2572586
3745928
3597913
2311282
3108690
2771148
2805600
3038529
3263603
3041782
2760911
3886265
3222602
1784748
3389887
3014817
3150839
3113185
2667582
2954974
3201103
2902452
3113183
2958551
2884448
3821431
2981784
3661928
3522322
3534058
3192212
2515091
3326248
3782364
1379647
2803953
2385744
2553050
3071360
3484552
3259385
3351253
3198526
3029818
1543630
3746228
3759770
2449186
3879513
3116003
3106393
2629964
3200117
1488855
2362714
2783077
2649930
3542033
2669462
2850857
2266718
3015918
2938495
3015287
3093208
3354841
3352226
3642585
3844534
1522014
3646223
2363727
2750143
3811697
2780610
3162726
1459268
3166263
3886912
2838368
3206769
1236946
2686852
3636075
3830293
3088392
2803848
2995900
2698060
3298317
3214510
2903521
2202780
3425150
2797745
2474850
3714092
3207060
2783161
3436728
2710506
3015424
2908674
3618925
3475014
3468117
2803851
1471781
3183690
3546087
3763677
3479014
2769363
3483834
3860675
3097355
2884449
3744738
183864
3687640
