1201136
1236944
130966
1402267
1402280
1475887
155634
1559601
2072948
2267791
2270358
2275746
2315652
2429898
2438319
2490681
2494540
2503962
2553061
2599899
2602994
2635122
2646693
2653043
2668594
2672159
2672237
2672240
2672467
2729419
2737775
2752757
2758876
2778463
2799444
2801475
2832616
2845797
2922325
3008823
3078258
3078282
3093002
3199072
3205748
3224392
3258019
3258729
3259311
3259381
3262520
3277903
3283750
3301006
3326370
3374026
3406271
3406274
3406277
3420628
3433655
3444002
3465868
3481681
3490454
3545850
3582057
3667058
3701502
3730207
3744738
3760668
3764695
3809224
3849098
3853238
3856285
3874377
3874378
3877606
3880210
3890743
1087510
1112595
1168906
1175897
1175916
1175924
1215528
1240959
1257604
1277009
137228
1386678
1413549
1464381
1469866
1475232
1550803
1568358
1568380
1751045
1781795
1796861
1820987
183865
1851004
1891275
1939852
2002419
2018704
2025296
2082036
2128214
2133536
2136485
2202333
2206392
2253540
2364663
2365966
2384718
2385654
2385751
2385823
2386861
2390549
2448050
2474644
2492864
2515635
2546376
2546434
2559831
2566980
2570830
2570908
2575602
2578943
2583042
2591620
2600388
2621130
2627963
2636786
2644295
2647170
2680832
2681119
2698064
2700454
2700478
2705343
2714572
2725817
2725833
2725834
2725870
2725948
2727333
2729879
2732551
2750192
2754485
2764845
2780641
2783073
2802352
2803920
2803992
2811908
2815980
2817000
2828091
2829597
2842275
2846739
2850176
2855073
2860402
2862513
2878208
2890005
2893430
2911751
2918871
2923780
2930172
2941259
2946718
2946956
2954014
2955686
2958005
2958022
2958032
2958542
2958958
2966984
2974228
2988176
2991321
3000139
3000162
3012278
3033073
3033095
3034701
3035547
3052621
3063653
3066183
3075397
3079651
3085223
3086217
3090107
3097723
3097804
3099506
3109342
3114546
3118372
3118811
3121612
3125024
3129349
3159900
3162819
3162821
3170265
3176209
3205006
3218869
3219246
3223529
3226624
3257067
3266655
3276904
3278951
3279317
3291226
3294754
3301050
3309579
3310460
3311181
3314854
3316689
3320461
3321975
3322057
3322781
3322905
3322907
3322910
3323160
3323212
3323328
3364540
3374420
3374421
3376101
3376151
3378931
3381396
3385239
3389947
3396276
3403114
3414549
3416909
3420557
3429833
3432326
3436624
3436764
3439446
3446154
3447288
3456478
3458229
3462154
3463044
3481388
3486933
3496690
3499172
3502361
3511061
3519021
3522360
35282
3533152
3535733
3539528
3542335
3544629
3546448
3546880
3552307
3563698
3564029
3583117
3584903
3591538
3600016
3609679
3610129
3616825
3637271
3640090
3640983
3647710
3650976
3651415
3655108
3655859
3672621
3681687
3702368
3746305
3748528
3751081
3766129
3766340
3766589
3784437
3793435
3797049
3804219
3805478
3825647
3828296
3837656
3837668
3844354
3845747
3853203
3867258
3872011
1968787
1971490
2001323
2009435
201022
2011516
2025113
2233876
2373300
2610653
2627214
2687457
2730627
2766874
2766900
2878712
2892667
2892773
2936317
3082113
3101722
3127816
3389846
3403798
3430489
3460172
3484289
3505349
3507065
3519030
3522332
3528766
3583529
3590355
3616260
3635626
3644826
3656556
3696066
3702496
3742834
3756169
3767023
3786726
3789934
3833933
3879007
3892522
1156909
1852903
2170449
2246263
2526401
2526417
2646726
2687814
2693867
2732452
2737781
2769330
2790127
2799065
2807148
2828460
2831247
2831897
2877789
2893369
2908435
2908875
3005218
3020335
3035542
3057594
3090653
3094683
3097588
3102615
3120998
3152734
3162786
3163180
3194761
3212703
3232573
3235783
3247765
3259313
3264881
3282974
3284666
3289979
3292802
3315623
3370327
3385618
3413594
3425032
3425034
3446097
3466869
3469389
3487198
3490505
3534160
3561184
3564025
3564105
3569638
3573789
3590129
3598686
3625593
3632492
3734755
3749082
3758326
3808853
3809217
3819680
3819682
3826559
3838481
3888612
3891393
1064123
1065004
1097749
1131908
1175911
1180854
1201178
1282576
137223
1413549
1414021
1414028
1464140
1464381
1469559
1481515
1524788
1533819
1550867
1550946
1568462
1602198
1609165
1679810
1750965
1751060
1764004
1781075
1781780
1781795
1824715
1940263
1987337
1989755
2020460
2045103
2206392
2222237
2244628
2359996
2385820
2409543
2426673
2567096
2576164
2598878
2599294
2627179
2629964
2647177
2649145
2672442
2684304
2695771
2700432
2706800
2737754
2767138
2769286
2829621
2860403
2868875
2876696
2876903
2887806
2906941
2920273
2964707
3015225
3019007
3039763
3053630
3064452
3108676
3108942
3134172
3161475
3249337
3258820
3263087
3273370
3325356
3339806
3347843
3355351
3357009
3368485
3373988
3391195
3405157
3409130
3444002
3445145
3445446
3463042
3469224
3484605
3488523
3502108
3539053
3542887
3555588
3571887
3573171
3596662
3600284
3606326
3607782
3629711
3658220
3669617
3671115
3671823
3673888
3679963
3684086
3713602
3718230
3719234
3724670
3767072
3773459
3775118
3784075
3786976
3789280
3830270
3841536
3872384
3875701
3876309
3888913
468908
1037001
1079864
1166571
1175853
1343576
1369002
1459474
1459877
149426
149427
1500968
150570
153495
153533
1550576
1559691
1566656
1624823
1629026
1636720
1781572
1794136
1802740
1824726
1852090
1904360
1947954
1994045
2007982
2096713
2118050
2124710
2174471
2211778
2238766
2292424
2326726
2350146
2384340
2384782
2385047
2385662
2385853
2448507
2448541
2448802
2453658
2453666
2478847
2479703
2515409
2515417
2515428
2518347
2546468
2613580
2627528
2646042
2685239
2686636
2723667
2729726
2740343
2758596
2764564
2774628
2832020
2899806
2905609
2906445
2940872
2941781
2946585
2963920
2972490
2984455
2998520
3003149
3006050
3010891
3021110
3047965
3047971
3047985
3047986
3052714
3080564
3081358
3081469
3097146
3103558
3108514
3114322
3116297
3122893
3122895
3122899
3124298
3138102
3142033
3142036
3152182
3152183
3157602
3221028
3224657
3259362
3263204
3270907
3271397
3290257
3297411
3317136
3322723
3357214
3362038
3369138
3379595
3380126
3401751
3401767
3402273
3405309
3410075
3426551
3495379
3499274
3506244
3508110
3524099
3533748
3535134
3537266
3537269
3537557
3546197
3554227
3557414
3560772
3573501
3575963
3579430
3581257
3607889
3616979
3616991
3626385
3628830
3632172
3632191
3639626
3644747
3652182
3658433
3662109
3665865
3687094
3691899
3708105
3712083
3743366
3745954
3747868
3769085
3770043
3776323
3781548
3784866
3785593
3800884
3806357
3816241
3834722
3848642
3851456
3872681
3884850
3889324
3889325
544835
1087494
1088011
1183226
1188051
1199611
1325049
1434505
1584230
1592154
161797
1664563
1716160
1940252
2031887
2089060
2254627
2270822
2494993
2515901
2542367
2656288
2656315
2656332
2656591
2671773
2749439
2767345
2768965
2778437
2879869
2881943
2921140
2924526
2938294
2955942
2970879
2970950
2972415
3009622
3011203
3012558
3012908
3013171
3031940
3082809
3094285
3096313
3108260
3122543
3123271
3123969
3136248
3148928
3168079
3176902
3181562
3181740
3181745
3181767
3181770
3181772
3181773
3181775
3181779
3181867
3181869
3181871
3181872
3181876
3181882
3181883
3181885
3181887
3181888
3181971
3182389
3184501
3191598
3195148
3195149
3205688
3210897
3235113
3235659
3324881
3372558
3373552
3375088
3405392
3405397
3461647
3553333
3557457
3560182
3568739
3605789
3627470
3686769
3694900
3760296
3760618
3878174
1216331
1252727
1298325
1316067
1459868
1513597
151666
1559621
1563447
1578577
1693557
1764752
1794627
1868710
1906781
2187197
2246031
2263063
2366066
2408940
2442427
2496988
2526366
2547099
2576332
2581654
2581659
2607544
2638813
2639208
2646658
2661898
2663463
2668559
2672014
2672188
2677798
2677799
2683939
2686868
2686928
2690857
2702832
2705504
2706416
2714061
2718120
2749045
2759336
2759338
2760719
2769430
2773124
2806537
2808512
2811971
2811980
2844408
2851297
2854356
2854938
2857279
2860358
2864151
2890893
2915796
2938459
2944799
2949589
2987858
2987955
3015177
3015204
3022870
3026935
3038529
3038533
3039161
3039162
3039167
3041901
3074332
3087163
3087473
3087487
3087508
3100676
3104685
3109410
3139171
3151599
3160011
3169556
3171359
3177789
3178148
3181713
3181814
3181816
3181848
3181915
3181918
3189782
3224521
3235940
3238497
3243637
3265806
3269050
3286330
3286335
3292568
3296552
3308020
3308023
3310634
3311149
3325431
3330267
3336236
3340342
3340570
3347756
3359427
3389871
3389956
3405324
3410003
3414089
3420744
3422616
3423946
3430626
3433364
3457973
3463813
3463884
3470713
3486423
3489883
3492138
3500470
3505356
3506998
3514352
3514380
3517431
3521923
3527175
3527560
3545923
3551238
3568150
3573064
3578350
3586491
3597555
3610658
3617350
3622231
3655958
3657692
3664367
3690350
3693614
3708448
3718248
3735339
3745958
3776403
3777767
3777773
3777834
3778250
3785512
3792504
3794958
3806583
3807715
3818844
3823986
3835463
3835584
3841621
3842089
3845517
3846886
3850907
3860086
3868168
3869687
3869913
3872046
3873931
3880091
3885824
3885875
2526433
2800864
2823760
2840894
2856359
3156524
3352629
3652086
3667316
3726922
3876010
2667400
2687574
2691519
2740058
2740158
2749011
2768636
2842962
2893371
2933643
3004514
3030049
3047858
3101789
3290188
3420662
3423657
3466839
3483501
3514812
3601223
3637401
3649654
3670530
3674744
3741700
3860639
3860641
3872241
130966
1559601
1764004
1852545
1929108
194433
2045103
2174498
2363727
2430200
2464753
2515422
2531092
2588582
2596547
2627698
2629964
2639604
2672220
2672240
2678699
2700473
2721535
2737754
2760693
2767138
2769292
2769480
2770458
2771148
2801475
2803851
2803953
2850857
2858720
2872582
2879291
2887806
2917397
2938495
2967692
2981784
2984334
2988179
2992067
3030029
3034954
3047826
3064452
3064888
3078258
3088014
3108676
3120277
3141758
3152527
3154489
3161475
3169864
3183636
3184711
3207060
3222602
3248865
3285529
3296555
3299160
3336243
3347843
3353206
3354466
3397657
3406274
3406278
3436631
3445145
3485910
3487309
3498317
3505934
3507802
3529253
3542887
3543951
3572695
3618925
3658220
3664074
3677011
3679768
3680477
3687640
3772305
3784075
3821706
3833587
3856285
3866926
3874663
3890738
101408
1084359
1140938
1151653
1269452
1269460
1278477
1280924
1281279
1308833
1322287
1382235
1431557
1513065
1513521
1637335
1913587
2120825
2138688
2186939
2270726
2527784
2583982
2584645
2589194
2595654
2655275
2686852
2700089
2704528
2734629
2741486
2746452
2768506
2778562
2799413
2821392
2877029
2882550
2915794
2951033
2989378
3010678
3018974
3031940
3034940
3041782
3075814
3079865
3095901
3104441
3108690
3109817
3113834
3123561
3129124
3134260
3134320
3140027
3141718
3156535
3166263
3169862
3169863
3198526
3212801
3224772
3230027
3246474
3256118
3288929
3290258
3303894
3337801
3342720
3349544
3350179
3352226
3354841
3354857
3354865
3363700
3401781
3402675
3420799
3425150
3425758
3425768
3475014
3485864
3494865
3504208
3506073
3508199
3513008
3514797
3539526
3542033
3565903
3600204
3603048
3608003
3614336
3616310
3617081
3625010
3625569
3626556
3632039
3637811
3643833
3651609
3659911
3665256
3680092
3683210
3683229
3689161
3693641
3745863
3746228
3749100
3761349
3773959
3799612
3811697
3830293
3830294
3830296
3836014
3871041
1065003
1065094
137397
1474617
1523191
1557713
1617112
1764004
1906866
1939921
2125882
2211302
2270282
2288601
2291339
2323013
2362714
2448694
2582334
2612756
2621418
2628138
2637917
2650596
2669462
2671519
2672442
2693784
2700473
2700484
2700591
2706214
2737775
2743643
2754094
2760911
2767138
2783053
2789929
2791737
2803902
2810585
2811908
2816287
2817864
2840827
2846739
2878708
2887806
2906941
2958892
2984474
2984575
2988177
2998658
3003678
3033073
3034954
3047355
3047823
3047842
3060149
3069387
3087018
3092060
3099612
3114546
3135096
3137850
3152527
3157673
3161951
3195099
3199125
3206769
3207060
3219017
3223529
3226573
3227138
3236138
3259378
3259385
3279317
3288010
3301634
3339066
3422178
3424120
3436728
3466862
3488388
3536353
3538708
3543180
3555706
3577793
3608039
3609960
3611086
3616178
3629711
3646731
3686606
3701778
3719282
3734890
3744738
3772272
3793431
3845254
3881380
1097737
1236946
1277006
128832
137370
1379647
1382265
1402327
1434765
1471781
1472097
1475565
1513525
1522014
1557854
1794449
183864
2063499
2248586
2291314
2385343
2385744
2390579
2426706
2474850
2496697
2518380
2559826
2585577
2627525
2631053
2648945
2677268
2687896
2698060
2767133
2769363
2772260
2775026
2780634
2783048
2783161
2803848
2805656
2822147
2822791
2823148
2828440
2831203
2831909
2838368
2857829
2880803
2884448
2902496
2906932
2908877
2909783
2923795
2935134
2940086
2984268
2994656
3021828
3031991
3036638
3038529
3047849
3063409
3083989
3087163
3087248
3089911
3093208
3099615
3106393
3113998
3114312
3114370
3130360
3130466
3137828
3145557
3150839
3159366
3162713
317469
3176167
3181626
3194779
3214503
3220250
3246148
3273706
3282669
3290011
3290013
3298221
3299601
3310834
3326248
3349957
3385502
3389848
3389887
3389956
3390892
3400886
3401656
3410014
3431062
3433121
3439771
3443736
3459527
3527238
3531955
3536037
3536615
3542555
3542921
3542922
3544320
3546438
3548361
3555219
3559119
3573792
3586697
3599144
3601985
3638278
3641437
3642585
3658250
3667461
3690066
3693614
3700939
3704936
3714092
3724297
3734736
3745928
3777757
3809434
3813813
3815017
3821435
3836928
3841600
3845239
3860675
3866778
3869913
3877750
3878578
1208937
1784608
2449186
2626783
2637889
2649930
2672226
2672247
2700241
2700671
2700683
2709639
2713849
2718206
2726514
2726540
2729468
2737761
2737786
2740022
2766875
2766886
2766898
2767137
2769446
2778945
2782171
2782204
2791738
2800936
2806401
2809077
2816301
2822794
2848680
2878686
2884455
2908674
2921813
2930290
2938513
2941598
2954974
2963121
2963752
2970786
2990894
3002375
3014817
3015424
3015487
3015570
3015759
3015918
3016001
3016115
3018959
3019596
3021277
3052620
3056215
3066713
3094260
3097809
3099610
3111156
3129104
3148597
3162726
3195536
3205541
3205660
3205779
3214510
3282101
3340954
3361201
3369119
3430087
3444845
3493838
3516685
3522359
3583074
3614797
3628456
3646223
3651717
3719296
3780706
3853875
3873172
3874942
1184074
1282576
1310615
1431525
2135201
2268742
2656546
2710506
2731168
2732448
2742899
2745658
2781142
2797745
2803182
2815959
2846934
2874428
2958551
3071360
3135331
3170745
3283561
3289591
3294322
3298317
3320390
3347913
3367620
3374424
3410211
3424805
3519073
3614649
3642086
1183200
122079
1488855
1784748
1885440
2213305
2374788
2442959
2442981
2569193
2572068
2572586
2600825
2609891
2678139
2688143
2740293
2760525
2783077
2816793
2821393
2830945
2833155
2836925
2848006
2853788
3016143
3031281
3041043
3047832
3068583
3073909
3075160
3101356
3108731
3113153
3113183
3122091
3122097
3148882
3183690
3192212
3214511
3227160
3229087
3251528
3299162
3304619
3328985
3351958
3395037
3396109
3423789
3438050
3468117
3628218
3628469
3649156
3680866
3711740
3782364
3783828
3806164
3843899
3859883
3886912
1175926
125311
137249
1550961
1998881
2206446
2206519
2228383
2246223
2575565
2575584
2575599
2631222
2686975
2688343
2717442
2750143
2755787
2756346
2759914
2784403
2794498
2799007
2799065
2825552
2888325
2933117
2944247
2995900
3043756
3108768
3116003
3199906
3205656
3218965
3219003
3219018
3219034
3219287
3224471
3226299
3257034
3290847
3310988
3333660
3351253
3354405
3363766
3387587
3387614
3387629
3409957
3474147
3483834
3484552
3507390
3519588
3521774
3534058
3546087
3546089
3549924
3567877
3576734
3580664
3597913
3661928
3663224
3672626
3682238
3682250
3682302
3689004
3692142
3744706
3841504
3844534
3845336
3851869
3857284
3886265
522841
1180860
1182400
1266380
1318457
1450293
1459185
1475844
1543630
1586011
1824716
1904196
1914238
1914254
1936995
1950520
1976312
2040141
2206034
2213673
2253537
2254469
2263060
2430546
2483261
2515091
2553052
2602996
2612686
2634686
2636788
2639567
2667582
2693508
2702915
2713885
2740017
2740099
2762186
2771838
2780610
2785826
2820689
2825313
2826729
2833302
2852784
2879843
2879845
2912126
2929516
3009659
3029818
3051092
3073801
3097355
3129061
3155071
3166566
3177940
3271214
3271241
3292826
3343231
3400823
3400824
3420730
3420783
3426263
3438426
3473978
3479249
3489845
3503952
3512371
3522322
3527059
3536789
3541572
3546181
3546191
3549351
3581290
3603204
3649142
3678057
3713301
3713304
3724576
3759770
3777329
3781223
3792611
3821431
3879513
3884175
1459264
1459268
1523371
153522
1570451
1586188
1636036
1687187
1751015
1805426
1891108
1936994
1976317
2116997
2202780
2222677
2245957
2254639
2258295
2266718
2311282
2423870
2448938
2536181
2546374
2553050
2584009
2588821
2628097
2637899
2656964
2656981
2667168
2700595
2702886
2726548
2740038
2740109
2749011
2769322
2805600
2822176
2823150
2829468
2835690
2846859
2869440
2884449
2892435
2902452
2903521
2918628
2924549
2933699
2936927
2938506
2966580
2972610
2977075
2984407
3004513
3015287
3015509
3015846
3016817
3022694
3043450
3047893
3075161
3088392
3097568
3099062
3101356
3108289
3113185
3121590
3123199
3123852
3127318
3129103
3145093
3160360
3161023
3170312
3180596
3195765
3200117
3201103
3209994
3215995
3236146
3249852
3259121
3263603
3273785
3311001
3326743
3350007
3350049
3382696
3396109
3410093
3443655
3467606
3468117
3468765
3470986
3479014
3481223
3502811
3516932
3521404
3531646
3538640
3542893
3555553
3555602
3570930
3580753
3601500
3616185
3636075
3642795
3644739
3649270
3649285
3649614
3711735
3711740
3746438
3750490
3763677
3765128
3789901
3797933
3818878
3825967
3838988
3841536
3854980
3860030
3860647
3876503
3876522
1065341
1174953
1257422
1459118
1526618
1526638
1526641
1574344
165035
165061
1779374
1779377
1779408
1779422
1779435
1784079
1794505
1860058
1885430
1936358
193724
2137255
2180666
2188548
2193634
2193846
2206021
2206349
2211766
2214826
2374470
2374473
2377340
2390549
2526068
2592791
2592800
2598825
2642852
2650979
2656253
2672233
2687656
2722012
2722751
2726506
2732791
2738311
2763717
2777903
2779290
2787270
2789586
2807152
2822250
2833576
2856385
2857803
2888204
2941754
2965916
2981848
2987328
3019058
3033530
3042616
3044791
3045886
3046515
3087414
3093930
3099202
3108200
3120985
3132014
3132017
3132697
3135110
3138087
3143101
3151599
3177362
3177938
3184045
3194612
3194630
3196871
3201107
3224515
3227425
3237274
3239336
3240161
3241370
3262532
3262772
3263087
3275113
3276022
3276790
3295660
3307463
3308098
3317086
3327025
3330312
3331880
3334060
3343432
3361854
3364667
3367406
3375451
3385850
3395176
3395333
3399342
3407018
3410306
3413961
3420510
3420570
3420725
3424871
3428170
3437177
3459357
3459702
3460634
3465901
3512311
3512775
3546453
3551686
3561694
3564269
3580530
3589375
3615941
3616816
3616818
3619043
3621239
3623899
3624107
3632719
3632720
3651279
3667088
3674591
3674621
3674632
3702711
3745888
3751269
3793305
3794566
3798352
3804839
3808756
3816272
3820835
3827532
3827830
3834709
3839844
3845485
3853164
3863508
3866685
3878216
2245959
2365938
2385905
2442045
2449135
2467416
2475384
2478665
2546371
2546372
2562359
2575197
2644320
2659845
2726470
2736155
2740171
2821651
2998004
2998026
3015229
3015272
3015275
3015359
3015535
3015536
3015668
3015684
3015692
3015793
3015967
3016470
3016484
3016825
3017973
3030794
3113179
3183543
3191386
3261406
3340973
3625558
3627155
3630710
3673574
3729989
3729991
3783786
3796724
3870869
3891987
1079947
1168908
1187925
1269449
1386666
1479817
1481583
1483837
1488827
1524947
1524986
1592076
1633737
1697818
1821020
1949836
2048957
2246097
2442901
2528206
2528214
2528218
2629961
2629967
2629982
2650592
2650594
2650603
2650609
2672796
2672797
2684714
2685145
2687595
2692114
2692120
2695191
2695197
2695619
2699821
2699958
2699965
2706597
2706605
2706608
2706609
2707151
2707157
2707802
2707808
2707811
2739483
2799410
2802352
2846152
2848004
2865026
2876086
2939681
2941920
2962297
2962302
2988175
3004609
3016307
3047913
3062119
3072154
3107698
3109340
3141809
3165919
3170646
3177593
3206765
3206766
3217852
3219759
3257951
3266210
3282915
3321723
3325000
3359241
3365251
3370314
3372934
3430121
3436640
3436722
3457839
3459658
3463056
3475004
3478173
3479064
3485098
3511775
3514008
3530855
3553649
3556894
3557179
3580134
3595976
3598856
3638626
3642471
3653890
3657849
3711651
3728154
3743182
3762609
3764164
3775210
3787546
3795054
3808824
3816156
3818738
3833311
3845712
3869834
3884851
3884956
517721
1065003
1175911
137237
137240
1523371
1634741
1687187
1712221
1876232
2151863
2151899
2206489
2222677
2387157
2475515
2667168
2672300
2683798
2702950
2734531
2740109
2783104
2815823
2822176
2827072
2887168
2887184
2895169
29048
2907361
2977075
2992067
3015657
3015742
3015787
3015800
3015946
3016124
3016176
3016809
3030803
3096911
3097557
3132362
3132363
3132364
3170179
3178521
3195329
3248865
3259121
3261389
3295742
3299142
3300932
3307080
3327282
3336896
3338082
3355033
3389850
3435936
3468117
3492969
3493049
3502264
3519039
3523444
3532171
3542897
3558709
3579987
3588206
3590203
3599178
3614379
3649557
3655517
3685544
3701514
3785339
3797604
3813486
3813711
3860647
3861379
3866073
3876498
3877598
3888001
137370
1414004
1414023
2151894
2375967
2424119
2447617
2517085
2518379
2536546
2556735
2566562
2575601
2700595
2703212
2709613
2811919
2811943
2819256
2909783
2911700
2931126
3026928
3097575
3162713
3209993
3363371
3489798
3500003
3500006
3500013
3703898
3815000
3860083
101408
1190209
1308854
1533839
1564027
1784581
1802871
1805504
1941736
2020466
2048661
2169253
2277457
2364524
2396646
2442721
2500040
2621393
2621421
2632633
2662423
2671450
2716359
2771031
2817700
2821918
2878224
2891813
2993958
3002144
3010999
3062442
3064892
3071276
3108318
3121651
3123601
3135562
3161113
3170143
3224336
3268102
3294402
3294539
3294930
3308704
3329036
3346948
3348951
3350389
3395692
3453493
3499992
3570914
3579948
3581530
3581554
3659284
3673823
3695962
3719243
3765867
3776740
3810122
3874601
3877878
3878108
3878349
545196
1079798
1097718
1164411
122065
128860
130964
1468413
1574321
1619718
1626073
1716812
1764411
1853078
1891278
1910602
1976608
2001743
2008365
2008663
2009205
2009549
2010206
2010564
2033331
2039779
2040155
2045078
2063938
2071239
2120913
2137813
2150072
2174811
2247320
2259331
2324103
2359923
2360534
2362747
2362869
2363293
2364167
2374411
2377048
2377088
2386133
2386495
2394323
2409350
2423373
2442097
2448638
2453007
2488397
2492852
2515291
2518080
2527302
2542395
2564833
2566573
2610029
2627155
2627450
2628170
2633324
2637891
2664807
2667937
2670000
2676285
2678864
2686156
2687647
2687766
2688344
2688666
2691665
2695684
2695685
2697381
270054
2702373
2708144
2719082
2726128
2729239
2732778
2735164
2735811
2736979
2736982
2741037
2741116
2747696
2752792
2760573
2762046
2768446
2769307
2769428
2771154
2772987
2774663
2777911
2779445
2788474
2791478
2794357
2801015
280655
2813652
2817804
2818151
2828397
2837058
2837291
2837297
2839999
2840002
2840009
2840014
2843649
2850516
2852601
2852697
2860392
2862176
2876274
2876297
2876299
2876303
2876304
2892687
2903953
2905323
2912863
2914265
2920711
2923788
2925815
2948500
2964787
2965715
2966613
2967835
2972238
2980629
2981839
2988711
2988858
2990396
2994792
2994888
2999595
3001711
3003207
3004370
3005213
3011290
3014836
3015243
3015544
3015622
3015657
3015866
3015883
3015959
3016028
3016168
3019601
3021307
3025371
3026616
3030791
3037991
3039799
3043425
3048090
3048199
3053216
3056219
3056415
3068125
3068495
3070260
3073807
3075165
3077743
3083050
3083058
3088751
3095252
3097341
3098790
3101231
3109311
3111162
3112117
3118379
3120795
3122101
3123646
3124030
3128257
3128367
3130970
3134184
3141699
3149672
3149991
3157405
3158850
3172658
3175197
3175343
3176243
3180149
3180598
3180600
3180665
3188476
3196709
3201938
3202244
3203034
3221833
3223940
3224052
3224925
3226355
3230830
3233461
3234123
3234125
3234159
3235582
3240859
3245898
3247868
3254205
3257138
3258555
3265630
3272625
3281354
3286557
3286732
3286741
3288901
3288909
3288920
3288921
3288928
3288931
3288934
3288937
3288939
3288944
3299364
3302104
3303534
3303710
3304079
3304081
3305541
3310782
3311639
3319995
3324920
3326682
3326694
3326977
3335362
3337865
3341484
3343155
3353167
3353298
3355924
3359430
3363056
3363066
3363118
3363119
3363120
3363130
3365666
3365671
3367154
3371901
3372247
3388327
3395314
3401920
3401934
3404172
3405341
3407452
3407736
3410368
3412677
3414059
3417547
3417875
3417891
3423676
3423677
3425978
3429751
3429824
3432824
3437782
3437999
3444426
3444435
3457043
3457959
3458979
3471431
3474461
3474773
3475687
3479943
3481244
3482598
3491231
3492653
3493016
3493301
3493738
3498283
3504424
3513321
3513841
3514484
3515435
3518095
3520596
3521933
3521943
3522345
3523539
3529315
3530430
3531940
3533100
3535726
3557386
3560802
3564572
3572313
3572359
3572815
3580935
3584831
3584835
3584840
3586510
3597902
3600036
3600188
3600192
3603485
3613822
3614034
3617975
3618006
3618050
3623842
3625595
3626175
3628258
3630304
3630305
3630306
3630307
3640225
3644489
3649181
3649645
3653932
3661963
3666221
3666422
3667021
3678056
3678072
3680425
3681719
3687862
3694451
3695091
3698429
3698887
3699850
3700488
3703684
3704099
3710774
3712156
3712201
3715331
3715496
3715530
3720855
3726236
3728505
3731471
3731514
3733694
3734930
3746052
3746135
3750541
3750659
3751852
3759916
3760125
3763110
3764940
3782665
3782666
3782668
3782725
3797560
3797561
3797921
3797932
3797933
3797946
3804476
3806499
3811064
3829387
3837083
3837333
3843547
3844264
3848543
3848546
3851139
3852475
3855836
3855980
3856262
3876602
3877609
3880905
3881926
3890001
3890483
419354
549518
2034102
2668588
2712619
2752771
2755011
2770548
2825518
2887860
2970787
2977938
3119443
3125005
3136076
3146980
3183510
3193712
3198670
3205534
3249873
3277484
3296410
3356124
3356983
3368296
3375662
3408871
3420498
3429898
3461630
3475917
3476184
3476218
3483691
3510933
3510938
3529459
3544356
3562590
3575245
3598222
3615941
3663461
3683226
3683415
3779461
3806158
3830281
3853872
3872708
3872718
3890907
3892129
1184084
1208898
126217
1298328
1524743
1566965
1609173
1661644
1781939
1866224
1936260
1936264
1937001
2040183
2050627
2248794
2267483
2267485
2277453
2289820
2322920
2329635
2544368
2546467
2546475
2566998
2588091
2612651
2613968
2643104
2682380
2685263
2685267
2697589
2699644
2703233
2714827
2727882
2728188
2766835
2817938
2895897
2899785
2909499
2931762
2940796
2947011
2948330
2971719
2971725
2971740
2990904
3034724
3082804
3095556
3102469
3131985
3132720
3135990
3139257
3139264
3141385
3169776
3186889
3232638
3264422
3273686
3276006
3296386
3296391
3309219
3411311
3431956
3513203
3546323
3549483
3648838
3657072
3809875
3817709
3869728
3879247
493281
517502
517940
1175909
155634
1590051
1626463
1993952
1993984
1993997
1994028
1994035
2276892
2291334
2293961
2293964
2293969
2324209
2350132
2429901
2442122
2464772
2496985
2515416
2663435
2663442
2663448
2663456
2667172
2684577
2685235
2685385
2686260
2686340
2686947
2705819
270718
2710973
2762362
2762432
2769449
2779349
2782189
2784465
2801628
2804148
2860444
2882888
2882891
2901246
2922317
2958933
2998248
3014709
3033857
3049544
3072742
3139133
3157758
3166187
3172062
3172066
3172072
3172074
3172075
3172079
3172088
3180239
3198689
3212428
3281253
3310359
3312289
3333805
3347847
3361053
3363143
3376503
3383153
3487315
3606043
3634960
3685454
3699293
3701495
3769201
3785401
3792946
3826290
3831294
3832384
3872428