3056219
1716812
3580530
3630307
3782665
3557179
2668588
3097557
3613822
3657072
3420570
3463056
2734531
3371901
3598856
3884956
2907361
2386133
3016307
3891987
3815000
3627155
3798352
3429751
2350132
3123601
3606043
3062442
1257422
3327282
2791478
3097341
3674632
2920711
2211766
2833576
2048661
2736982
3401920
3294402
3638626
3878216
3808756
3015692
3720855
3149991
2359923
2528218
3276022
2700595
3437999
3797933
3532171
3797560
3336896
3492969
2464772
3435936
1976608
3710774
3560802
3180239
3083050
3015657
3343155
3015883
3016176
1779377
3404172
2777903
2180666
3597902
3728505
3030794
3361053
3523539
3286557
2442901
3365666
1885430
165035
3429824
2739483
155634
517940
3785339
3016124
3172062
1523371
3542897
3098790
2822250
3478173
3417891
2396646
3558709
3510933
29048
3015544
3890001
3365251
2903953
2777911
3015275
3232638
3335362
3498283
3649557
2169253
2769428
2628170
2394323
3634960
3367406
3241370
3614379
1208898
2779290
2685263
3119443
3856262
3759916
3586510
3649181
3430121
3436640
3832384
2683798
2971725
2151863
3201107
101408
2671450
3806158
2692120
3712201
137237
3237274
3616818
2247320
2993958
3203034
3212428
3034724
2377048
137370
2536546
3514008
2865026
3042616
3401934
3624107
1781939
3157405
2981848
2071239
3021307
3124030
3530430
3070260
3493016
3595976
3157758
3075165
3483691
1459118
2621393
2442045
2688666
2612651
3180149
3628258
1802871
3556894
3368296
3746052
2566573
2857803
3471431
3765867
3172079
2245959
3533100
2691665
3206765
2876299
3224052
2818151
2695197
3340973
1784079
2850516
3309219
2193846
3005213
3299142
3500006
2887860
3423677
3702711
2699965
3787546
3760125
3437782
3346948
1779422
2948330
2843649
3468117
3048090
3112117
3890907
1910602
2324103
3667088
2629982
2629961
3132014
3257138
3437177
3359430
3072154
2137813
3259121
3715496
1805504
2386495
3184045
1533839
2947011
2817938
3046515
2650979
2277453
3108200
3128367
2911700
3553649
3239336
1079947
545196
3630306
3878349
3588206
3193712
3019058
1876232
2277457
3829387
3489798
1994035
1937001
3088751
3581530
3247868
2644320
3474461
2598825
3172072
3017973
3733694
1949836
3043425
3025371
1483837
2642852
1853078
3425978
2632633
3002144
2447617
3305541
3457839
2442097
3685544
3880905
2722012
3729989
3572313
2387157
3776740
3874601
2958933
3806499
3363371
3804476
2736979
3296391
2912863
2905323
493281
3399342
3367154
3712156
3500003
2360534
3499992
2686156
2150072
2813652
3170179
3326694
2564833
3888001
3249873
3120985
2663456
3673574
2801015
3745888
3544356
3479943
3855980
1175911
3685454
2923788
2663448
2827072
3068495
3132697
3764940
3530855
2621421
3175343
3353298
2293969
3511775
3504424
3529315
3763110
2329635
3308098
2999595
1687187
517721
2588091
3015742
3623899
3107698
3272625
3666422
3572815
2735164
3015866
2804148
3625558
2659845
3139257
2901246
3282915
3695091
3775210
3296386
2762432
3172075
3234159
3797946
3681719
2988858
3327025
3621239
1065341
2862176
2891813
3224515
2667172
3674621
2682380
3619043
2448638
3460634
1779374
3818738
1164411
3827532
1184084
3564269
3118379
1994028
3580935
3848546
3648838
3644489
2267485
2475515
2782189
1634741
3625595
1097718
3703684
3431956
165061
2828397
3195329
3033857
3797932
2719082
3162713
2592800
2633324
2716359
3219759
3870869
1175909
3288944
3572359
270054
3202244
3839844
3520596
2672796
3177593
3701495
3389850
2500040
1993984
3655517
2672233
2475384
2821651
2769449
3603485
3395314
3286741
2714827
3258555
2663435
2840014
2931126
3240859
3019601
3694451
3205534
2876304
2998004
3459658
3363056
3879247
3304081
3395333
3016470
3356124
3261406
2888204
3108318
3751269
3347847
3715331
2709613
3420498
3632720
2688344
3843547
3420510
3808824
2697381
3170646
2741037
2815823
3476218
2971719
3457043
3793305
2892687
2409350
2967835
3132364
3010999
3407452
3198670
3616816
3731514
280655
2779445
3600192
2528214
3680425
3326977
2293961
3640225
3295660
3015946
3062119
2662423
3523444
3797561
2970787
3121651
2259331
3337865
2526068
2518080
2860444
3424871
1626073
3751852
1860058
2941920
2695684
2887184
3355924
3206766
2964787
3077743
3097575
2788474
2678864
3813711
3599178
2699958
2990904
3217852
3833311
3678056
2998248
2362869
3149672
2048957
2817700
3172074
3728154
3135990
2390549
3307080
3049544
2981839
3288928
2772987
2613968
2726128
3407736
3286732
3521933
1065003
3515435
3294539
3264422
3626175
2837058
122065
193724
3423676
2931762
1891278
2008365
2039779
2544368
3125005
2770548
2206021
3221833
3518095
3872708
3493301
3535726
3630304
3226355
2008663
3642471
3834709
1526618
3113179
3750659
1174953
3385850
3853164
2020466
2667937
2667168
3804839
3134184
2860392
2377340
2852601
3794566
3015229
3700488
1779408
2762362
2799410
2821918
3194630
3395176
2643104
3016484
2722751
2001743
3325000
3016809
2702950
2998026
3158850
3459357
3482598
1936264
3428170
3016825
2672300
3598222
3363066
1526641
2740109
2839999
2732778
3750541
2151894
3045886
2687647
3004370
3579987
2925815
3321723
2206489
3109340
2009205
3792946
3015668
3444426
3375662
2965715
2940796
3383153
2375967
2726506
3863508
3417547
2846152
3099202
2546372
3549483
3178521
2045078
3188476
2656253
2687656
2515291
3299364
3853872
3711651
3324920
3330312
2705819
3500013
2789586
3372934
3513321
3288937
2729239
3796724
3191386
2840002
3254205
2738311
3030803
2876086
3224336
2774663
3224925
2276892
1481583
2684577
3521943
2699644
3407018
3551686
3731471
3869834
3230830
2686260
3015657
2887168
2322920
2994792
3139133
1488827
2685385
2755011
1784581
2289820
3813486
3405341
3726236
3678072
3590203
2528206
3376503
2566998
3851139
3513203
3877598
3365671
2670000
2876303
2248794
3294930
2374470
2663442
1633737
3102469
3037991
3785401
1386666
3240161
3151599
3281253
3701514
2033331
3653932
2374411
3196709
3782666
3623842
1524986
2966613
3820835
2610029
3172088
3350389
2518379
3311639
2515416
2899785
3087414
2174811
3343432
3304079
1661644
1779435
3510938
3762609
3615941
2010564
2527302
2707151
3487315
3177362
2882888
3319995
3848543
2040183
2837291
3892129
2423373
1168908
1269449
3302104
3659284
2664807
3295742
3475004
3372247
549518
2825518
3363118
3809875
3837083
2727882
3420725
2706605
3111162
3493049
2151899
2779349
1526638
3729991
3519039
3492653
3589375
2992067
3356983
3016028
3667021
2650592
3375451
3512775
3303534
2771031
2575601
2822176
3161113
1936260
2687595
3546453
2424119
2732791
128860
3266210
3746135
3165919
3562590
3703898
3479064
3831294
2909783
3695962
2948500
1574344
2840009
3600036
3312289
1592076
3056415
3797604
2878224
2895169
2752792
1590051
3844264
3223940
3827830
1941736
2695619
2562359
3363119
2706597
3257951
3570914
3388327
2627155
3338082
3465901
3209993
3797921
2374473
2684714
2467416
3263087
3334060
3845712
2676285
3198689
3132362
3248865
3502264
2478665
3071276
2034102
2222677
3872428
2293964
3491231
3268102
3584840
3715530
3359241
3866685
3779461
2909499
3618050
2977075
3011290
3014836
3234125
2852697
2987328
2962297
3661963
3326682
2708144
2971740
3884851
3876602
3183510
3015800
2040155
3310359
3881926
2760573
2740171
3719243
2702373
3869728
3782668
3575245
2492852
3878108
2736155
3845485
3261389
137240
3083058
2819256
1866224
3331880
3852475
3564572
2193634
2707811
3370314
3096911
3146980
2741116
3361854
2627450
2686947
1821020
3584835
2686340
3412677
2856385
3657849
3072742
2769307
3277484
3015359
3026616
3618006
3300932
3816156
3783786
3860647
3333805
3649645
3837333
2385905
3016168
3355033
2728188
1764411
3617975
3474773
3341484
2685235
3522345
3410306
3176243
3317086
2941754
3288920
3122101
1079798
2994888
2783104
3529459
2453007
1993997
1697818
3128257
3826290
3015787
3082804
2707157
3461630
3666221
1190209
3068125
3183543
3795054
2575197
3015959
1566965
2695685
3141699
2120913
3310782
2771154
3444435
3861379
2811943
2762046
2962302
3123646
3235582
3429898
3281354
2442721
3531940
3141809
2010206
2697589
2650609
2703233
2488397
3614034
3475917
3485098
3275113
