3647710
3880091
1968787
3841621
3537266
2963920
3235113
2496988
3176902
2725870
3830270
1464140
2808512
2941781
2938294
3584903
3655859
3745958
2385853
1716160
3522360
3600016
3519030
2253540
3719234
3777767
3369138
1175911
3875701
2972415
3118372
3284666
3108514
1971490
3181885
3085223
2474644
1481515
3627470
3749082
3838481
3446154
3139171
1550576
3596662
3194761
2649145
3315623
3181773
3378931
1065004
3012278
2546434
2764845
3406271
2908875
1906781
2807148
3221028
2478847
3849098
2515635
2690857
1216331
3409130
3008823
3466839
3662109
3184501
3741700
2740343
3872011
137223
3891393
3063653
2790127
3794958
2526366
2576164
2627179
3499172
2646693
2923780
1824726
3097588
2860403
2725948
1624823
3469389
2518347
3296552
3573501
3003149
3751081
3423657
3671115
2082036
3116297
3359427
3470713
3681687
2270822
2811908
3846886
3564029
3430626
3655958
3290257
2695771
2766874
2783073
3766340
2732551
2729726
3162786
3545923
3746305
3492138
3322907
3652086
3885824
2685239
3235783
3420744
3888913
3664367
2924526
3009622
3545850
1037001
2854356
2667400
2448802
2671773
2206392
3134172
3444002
3684086
3205688
2832020
3405309
3019007
3162821
3259311
2680832
3374420
2018704
3123271
2684304
2656591
1781795
3499274
3578350
3370327
1175853
3162819
3375088
3809224
2828091
2768965
2799444
3747868
3656556
2386861
3876010
1175924
1087510
3777773
3890743
3696066
3784075
3047971
3265806
3502108
3021110
1475232
2946585
3323212
3833933
2811980
3406274
2991321
3108260
3178148
1904360
3030049
1188051
3537269
1087494
2773124
2766900
3447288
3317136
3458229
3389947
3807715
3573064
1469866
2998520
2890893
3868168
3292802
3496690
3423946
3269050
3590355
3181775
2578943
1201136
3169556
1475887
2575602
3420662
2687457
3047985
3842089
3616260
2856359
2803992
2011516
2921140
2693867
2453666
2613580
2800864
2768636
2958005
3416909
3376151
3590129
2672442
3047986
3517431
1781075
3600284
2987858
3413594
1750965
3087163
2705504
3665865
2222237
3276904
3401767
2599294
2384782
2842275
3767023
3841536
3218869
3629711
3439446
2881943
3311149
3773459
3297411
149427
3694900
2774628
2267791
2672188
3000139
3078258
3181814
2915796
3181867
3422616
2677798
3466869
2409543
3224657
3537557
2672014
3605789
2429898
3152182
1947954
2732452
3756169
3420557
3087487
2384340
3444002
2206392
1088011
2702832
2366066
3389871
3776403
2817000
3414089
3640090
2920273
2526401
2845797
3845747
544835
3052714
2941259
1559621
1413549
2725817
3617350
1325049
2494993
3655108
3292568
2878208
3610129
3622231
3064452
3015177
3804219
2723667
3793435
3639626
3597555
3325431
3777834
3238497
3326370
3156524
1414028
2970950
2621130
2887806
2672237
3851456
2542367
2984455
2758596
3670530
3514352
3869913
3290188
3273370
2828460
2233876
2025296
2851297
2686868
2938459
3563698
3724670
3488523
3786726
3385618
3564105
3848642
2892773
2656288
3066183
1252727
3102615
2599899
3322781
3301006
2691519
2687814
2823760
3181971
3742834
1524788
3087508
3760668
3170265
2479703
2602994
3687094
3402273
2385654
3649654
3632172
3527560
3022870
2706416
2072948
3808853
2767138
2840894
2860402
2899806
2893369
2442427
2706800
3357214
3099506
2911751
3159900
130966
2492864
3379595
2974228
2672467
3376101
3087473
3189782
3094285
3381396
2385751
1168906
3524099
3816241
3286330
2677799
3635626
2583042
2627528
2211778
3872241
2384718
3775118
3880210
2515901
3406277
3347843
3385239
3508110
3171359
2778437
3457973
3616991
2958542
3637401
3104685
3877606
3057594
1989755
3748528
2802352
1868710
3425034
161797
3094683
2170449
3800884
1820987
3433655
3039763
3625593
3564025
1764752
2850176
1282576
3114322
3546880
3818844
1175897
3339806
3784437
3616825
3010891
3047965
2656332
3644747
3644826
3784866
2725834
2448507
3181772
3266655
3885875
2918871
155634
3101789
3322723
1199611
3809217
3769085
2668559
3708105
3679963
3195148
3743366
35282
3872046
3263204
3456478
3038529
2864151
3374421
2754485
2714061
1500968
2453658
2906445
3876309
3336236
1764004
3181767
3033073
3152183
1298325
3758326
2490681
3490505
2263063
3872681
3355351
3514380
3586491
3445446
2546376
3373552
1064123
2663463
3223529
2815980
3403798
3308023
3789280
3264881
3120998
2714572
3844354
1568380
3258019
3142036
2687574
3097146
3401751
2737754
153533
3835584
2749045
3086217
3834722
3122899
2672240
3730207
2972490
2936317
3873931
1664563
3539053
3235940
3430489
2020460
2806537
3125024
3308020
3632191
1559601
3460172
3093002
2778463
3658433
3035542
2647170
3487198
3505349
2647177
3157602
3484289
2876696
1568358
3405324
3552307
1994045
2949589
1852903
3825647
1343576
3181918
3309579
3224521
3591538
3860639
2600388
3078282
3652182
3289979
3123969
2832616
3232573
2758876
3205748
3734755
3429833
3257067
2656315
2966984
1550946
3735339
1781780
3806583
3340570
2811971
2646726
2799065
3129349
1987337
3271397
2570830
3005218
3535733
2515428
3463044
1459474
3074332
3026935
2955942
3389956
2730627
2829597
3035547
3534160
3212703
2025113
3011203
2326726
3544629
2581654
153495
1513597
3142033
3691899
3039162
2749011
2700478
3160011
2373300
2729419
3259313
3561184
3514812
3138102
3108942
2700432
3878174
3853238
2653043
3819682
3039167
2661898
2933643
3079651
2988176
1459877
3770043
2760719
2610653
3693614
3122895
2752757
3321975
3610658
3015204
2629964
2964707
3263087
1236944
3507065
3161475
3837668
2007982
3436624
2009435
3127816
3122543
3270907
1824715
3650976
2187197
2855073
3181713
2638813
3405157
3053630
2553061
2801475
2955686
1563447
3568739
3258820
1183226
3368485
3892522
3283750
2365966
3323328
1636720
3609679
1402267
3674744
3006050
3553333
1469559
3181779
3277903
3373988
3490454
3136248
2254627
3528766
1414021
2598878
3835463
2002419
3114546
2970879
137228
3571887
1751060
2246263
2892667
1402280
2879869
1434505
2686928
3500470
3148928
2202333
2591620
1459868
1369002
3506244
1693557
2681119
3012558
1592154
2515409
1568462
1891275
3109342
3410003
3195149
151666
3484605
3764695
3766589
3766129
3461647
3101722
3874377
1940263
2570908
150570
3108676
3403114
3575963
2844408
3535134
3805478
2750192
2700454
3573171
1679810
3181915
3181740
2246031
3828296
3554227
2385662
1566656
1852090
2893371
3082809
1215528
3181887
3039161
2559831
3181816
3879007
1533819
3889324
3686769
2868875
3330267
3616979
3249337
2893430
3658220
149426
3786976
3163180
1464381
3181869
3806357
2089060
2908435
3792504
1940252
2740158
3690350
3669617
2566980
3672621
3860086
3262520
3012908
2646042
3767072
3542335
3090107
2842962
2946956
3712083
3294754
3372558
2567096
3082113
3181745
3124298
3607889
3100676
3445145
2759336
2359996
3776323
3181770
3853203
3582057
2954014
3760296
3667316
2987955
3352629
3626385
3718230
2705343
2385823
3405392
1277009
3826559
3521923
1781572
3598686
3282974
3546197
1796861
3181872
3506998
3380126
2668594
3259381
2001323
3469224
3874378
3519021
3533152
2958032
1131908
3463884
3579430
3845517
3823986
2390549
3389846
3152734
1386678
3495379
2546468
3286335
1851004
3481681
3374026
1175916
3850907
2944799
2426673
3181871
2727333
3869687
2737781
3718248
1201178
3708448
2831897
3097804
3020335
1079864
3726922
2877789
2118050
2737775
2238766
2930172
3047858
2448541
3667058
3405397
2759338
3583117
2769286
3533748
1629026
3090653
2857279
3573789
1609165
1413549
3052621
3489883
3324881
