2768683
2770641
2770642
2770825
2768627
2768675
2770042
2770372
2770696
2770820
2770827
2770829
2771149
2771269
2771271
2771272
2771274
2771328
2771351
3117998
3118684
3118688
3119984
2767078
2767961
2768255
2771046
2771079
2771286
2771352
2771357
2771360
2771361
2771390
2771421
2771422
2771429
2771556
2767080
2767083
2767085
2767621
2767637
2767654
2767679
2767751
2767782
2767789
2767818
2767820
2767832
2767836
2767850
2767854
2767883
2767891
2767932
2767935
2767944
2767966
2767978
2767991
2767992
2767993
2767994
2767995
2767996
2767997
2767998
2767999
2768000
2768001
2768002
2768003
2768004
2768005
2768084
2768095
2768096
2768256
2768438
2768515
2768624
2768625
2768626
2768628
2768631
2768640
2768827
2768830
2768839
2768843
2768847
2768855
2768856
2768865
2768867
2769352
2769361
2769401
2769416
2770075
2770552
2770632
2770643
2770644
2770645
2770646
2770647
2770649
2770650
2770651
2770652
2770653
2770654
2770657
2770658
2770659
2770660
2771000
2771151
3115593
3116555
3117621
2767047
2767066
2767067
2767070
2767072
2767075
2767641
2770661
2770662
2770663
2770664
2770665
2770666
2770667
2770669
2770670
2770671
2770672
2770673
2770674
2770675
2770676
2770677
2770678
2770736
2770738
2770834
2770840
2770848
2770849
2770868
2770983
2770990
2770994
2770995
2770999
2771001
2771002
2771005
2771006
2771007
2771008
2771009
2771010
2771011
2771012
2771013
2771014
2771016
2771017
2771018
2771019
2771020
2771021
2771022
2771023
2771024
2771025
2771026
2771027
2771028
2771029
2771030
2771031
2771032
2771033
2771034
2771036
2771037
2771039
2771045
2771047
2771071
2771073
2771075
2771076
2771077
2771101
2771102
2771103
2771104
2771105
2771125
2771126
2771127
2771128
2771129
2771130
2771131
2771132
2771134
2771135
2771137
2771138
2771140
2771141
2771142
2771143
2771144
2771145
2771148
2771152
2771153
2771154
2771155
2771156
2771158
2771159
2771160
2771164
2771172
2771213
2771232
2771237
2771242
2771245
2771246
2771247
2771248
2771249
2771250
2771251
2771252
2771253
2771254
2771255
2771256
2771257
2771258
2771259
2771260
2771261
2771264
2771265
2771268
2771270
2771273
2771275
2771278
2771279
2771280
2771281
2771282
2771283
2771284
2771285
2771326
2771339
2771344
2771353
2771354
2771355
2771356
2771358
2771359
2767076
2767077
2767983
2767984
2767985
2767986
2767987
2767988
2767989
2767990
2769475
2769476
2769478
2769479
2769481
2769483
2769486
2769488
2769489
2769553
2770025
2770032
2770033
2770035
2770037
2770038
2770041
2770045
2770046
2770047
2770048
2770049
2770054
2770056
2770057
2770058
2770059
2770118
2770136
2739178
2739179
2739180
2739181
2739182
2739183
2739184
2770060
2770061
2770062
2770068
2770069
2770070
2770071
2770072
2770073
2770077
2770078
2770079
2770080
2770081
2770082
2770083
2770100
2770101
2770109
2770110
2770120
2770125
2770126
2770129
2770131
2770132
2770133
2770134
2770135
2770137
2770138
2770146
2770150
2770169
2770186
2770201
2770203
2770259
2770260
2770318
2770319
2770320
